320	,190.4666667
330	,195.15
340	,191.0166667
350	,193.3333333
360	,193.2833333
370	,196.7333333
380	,197.3833333
390	,199.1
400	,195.5166667
410	,195.9166667
420	,197.3166667
430	,196.9
440	,199.9833333
450	,199.3333333
460	,198.7166667
470	,202.55
480	,199.5
490	,199.15
500	,197.9166667
510	,198.8666667
520	,198.8
530	,199.2333333
540	,201.5
550	,202.6333333
560	,199.0166667
570	,200.6666667
580	,200.15
590	,199.9166667
600	,199.2
610	,202.15
620	,200.05
630	,208.6
640	,204.3833333
650	,205.4
660	,209.7333333
670	,211.5333333
680	,215.1833333
690	,217.9166667
700	,229.4166667
